Throughput, Average Response Time, Successful Request Rate, Total Response Time, Timeout Rate, Error Rate, Request Rate
25.1949142, 0, 9,.3175250,0,  0, 9
9, ,  
43.6369561, 0, 9,.7374830,0,  0, 9
9, ,  
47.5817894, 0, 7,1.5234770,0,  0, 7
7, ,  
48.7333598, 0, 5,2.6312280,0,  0, 5
5, ,  
80.8722652, 0, 8,2.6188620,0,  0, 8
8, ,  
52.7779825, 0, 3,5.7002690,0,  0, 3
3, ,  
57.1106750, 0, 3,7.4856980,0,  0, 3
3, ,  
84.3862428, 0, 4,6.1032640,0,  0, 4
4, ,  
92.1501730, 0, 4,8.0486160,0,  0, 4
4, ,  
73.5627892, 0, 4,12.6363270,0,  0, 4
4, ,  
78.4004464, 0, 2,14.5186460,0,  0, 2
2, ,  
73.8312655, 0, 2,18.5690050,0,  0, 2
2, ,  
71.5928190, 0, 2,20.8398190,0,  0, 2
2, ,  
97.5843800, 0, 2,17.0065280,0,  0, 2
2, ,  
97.8553086, 0, 3,20.3451200,0,  0, 3
3, ,  
90.2972713, 0, 1,29.0562590,0,  0, 1
1, ,  
75.0080315, 0, 3,36.8174410,0,  0, 3
3, ,  
107.3300994, 0, 2,25.4546100,0,  0, 2
2, ,  
102.5419042, 0, 2,34.9540700,0,  0, 2
2, ,  
80.3548107, 0, 1,45.8142960,0,  0, 1
1, ,  
